=== Q2: Filter Coefficients ===

High-pass Filter (8th-order Butterworth):
Cutoff Frequency: 3225.1032 Hz
Sample Rate: 22050 Hz

Numerator Coefficients (b):
  b[0] = 3.040425943304315e-4
  b[1] = -2.432340754643452e-3
  b[2] = 8.513192641252082e-3
  b[3] = -1.702638528250416e-2
  b[4] = 2.128298160313020e-2
  b[5] = -1.702638528250416e-2
  b[6] = 8.513192641252082e-3
  b[7] = -2.432340754643452e-3
  b[8] = 3.040425943304315e-4

Denominator Coefficients (a):
  a[0] = 1.000000000000000e0
  a[1] = 3.303991274555307e0
  a[2] = 5.499961807757009e0
  a[3] = 5.642076502267676e0
  a[4] = 3.840150223836331e0
  a[5] = 1.751684112239763e0
  a[6] = 5.191631989026181e-1
  a[7] = 9.084398901085539e-2
  a[8] = 7.155551726233294e-3


Low-pass Filter (8th-order Butterworth):
Cutoff Frequency: 4000.0000 Hz
Sample Rate: 22050 Hz

Numerator Coefficients (b):
  b[0] = 1.221302190550379e-3
  b[1] = 9.770417524403030e-3
  b[2] = 3.419646133541061e-2
  b[3] = 6.839292267082121e-2
  b[4] = 8.549115333852651e-2
  b[5] = 6.839292267082121e-2
  b[6] = 3.419646133541061e-2
  b[7] = 9.770417524403030e-3
  b[8] = 1.221302190550379e-3

Denominator Coefficients (a):
  a[0] = 1.000000000000000e0
  a[1] = -2.182803717235219e0
  a[2] = 2.990304913083172e0
  a[3] = -2.530910169286827e0
  a[4] = 1.500195796490402e0
  a[5] = -6.009034249791099e-1
  a[6] = 1.603748944005234e-1
  a[7] = -2.545031672786035e-2
  a[8] = 1.845385035817038e-3
